’11111 1111111. ,

Aaron 5Esr. 1, 3. 13. 45151551. Baruch Ap. Β51. 1, 1. 6, 1. 8, 3- 9,
4115515 51151. 1, 40. 1. 10, 5. 11, 1. 13, 1, 2. 22, 2.

Ahdios 5 1151. 1, 33. 32, 8. 83511 3921· 43,1. {421¹-
45155515 51151. 1, 2. 48, 26. 50, 1. 55, 4. 77, 1. 18. 75131.
Abraham 4Esr. 3, 13. 6, 8. 7, 36. 3555115111 Ap. Β51. 28, 4.

51151. 1, 33. Ap. Β51. 4, 4. 21, 24. Borith 5 Esr. 1, 2.

57, 1. 45511. 3, 9. caleb 41135153, 1. .
451151 4 1151. 7, 37. Carmanos 5 1151. 15, 30. ⁴
4511155 5 Est. 1, 2. Cedron Ap. Bar. 5, 5. 21, 1. 31,2. 66, 4.
45111155 51151. 1, 1. Chaldaeus Ap. Β51. 6, 1. 8, 4.
4151141151, 3, 5. 10. 21. 26. 4, 30. chananaeus 51151. 1, 21.

6, 54. 56. 7, 11. [6, 45] 7, 46. Christus 41151. 7, 29.

48. Ap. Β51. 4, 3. 17, 2. 18, 1.]151111541151.14,24.
- 23, 4. 48, 42. 46. 541518. 56, 5. Daniel 4Esr. 12, 11.

Adu Ap. Bar. 5, 5. David 41151. 3,23. 7,38. Ap. Β51 61,1.
Aegyptius 5Esr. 1, 18. Ass. Μ. 6, 6. Deuteronomion Ass. M. 1, 5.
Aegyptus 41151. 3, 17. 8, 28. 14, 3. Eleazar 51151. 1, 2.

4. 14, 21151151. 1, 7. 15,10-12. Elias 41151. 7, 38. Ap. Bar. 77, 24.
’ 16, 1. Ap. Β51. 58, 1. 75, 7. 81111151541151. 14, 24.

. 455. Μ. 3, 11. Enooh 4Esr. 6, 43. 51.

Aggaeus 51151. 1, 40. Esau 4Esr. 3, 15. 16. 6, 8. 3.
411511551151. 1, 2. 11511155 41151. 3, 1. 6, 10. 7, 1. 25.
Ammon 455. Μ. 1, 4. [6, 24.] 8, 2. 14, 2. 38. 43. 51151.
4151155515 51151. 1, 22. Ap. Β51. 1, 1. 2, 10. 33. 42.

60, 1. Ass. M. 11, 11. 16. 1159515155411511542. 4518517122.
Amos 5Esr. 1, 39. Eva Ap. Β51. 48, 42.
4151115151. 15, 28. Ezechias 4Esr. 7, 40. Ap. Β51. 63,
41155151. 1, 2. 1. 3. 5. 64, 1.
Arphad 41151. 0, 26. Gadelii Ap. Β51. 44, 1.
Artaxerxes 5Esr. 1, 3. Godolias Ap. Β51. 5, 5.
41151511] 41151. 13, 45. Gomorrha 51151. 2, 8.
4515 51151. 15, 46. 16, 1. Hebron Ap. Bar. 47, 1.
4511151 4 1111. 14, 24. Η5111115 5 Esr. 1, 1.
41515151. 2, 8. Heli 5Esr. 1, 2.
Assyrius 4Esr. 13, 40. 51151. 15, 155155 Ap. Β51. 5, 5.

30. 33. 411351. 62, 6. 63, 3. Iacob 4Esr. 3, 15. 16. 13. 32. 5, 35.
4551515 51151. l, 1. 6, 8. 9. 8,16. 3, 30. 12, 46. 51151.
4115151151. 1, 2. 1, 24. 33. Ap. Β51. 17, 4. 21, 24.

’ - 1155551115,5111511155. 31, 3. 45, 4. 11, 4. Ass. M. 3, 5.
> ’ 15, 43. 46. 60. 16, 1. Ap. Bar. 8, 1551151155 Ap. Β51. 1, 1.

5. 11, 1. 33, 2. 67, 7. 77, 12. 17. Ieremias 5Esr. 2, 18. Ap. Bar. 2, 1.
13. 78, 1. 80, 4. 85, 6. 5, 5. 3, 1. 10, 2. 4. 33, 1.

 

